Utilization: 34% (1056287 valid blocks)
TYPE	LFS-B	LFS-S	SSR-B	SSR-S	GC	Val-Seg	Val-Blk	Padd	GC-Call
0	2880388	5625	0	0	7677	266	60403	2227	62
1	2265948	4425	0	0	22991	281	76174	3470	66
2	11102538	21684	0	0	10934	1836	896258	2750	32
3	71194	139	0	0	1043	12	1380	732	4
4	725618	1417	0	0	2138	129	22001	10497	10
5	786	1	0	0	0	1	71	11	0
GC calls	174	BG	174nDATA	525	BG	525
NODE	50	50
PSTREAM	KMEANS_CENTER
0	64
1	725
2	1993
PSTREAM	ALLOC	GC	ALLOC-I	GC-I	GC-SELF	GC-COLD	GC-n
0	2880388	7677	2812662	7254	7323	0	0
1	2265948	22991	2166783	22991	22991	0	0
2	11102538	10934	10155333	10320	10350	0	0
kmeans count: 6
